%YAML:1.0
---
R: !!opencv-matrix
   rows: 3
   cols: 3
   dt: d
   data: [ 9.9992991851648139e-01, 8.2490815035143310e-03,
       8.4918025160359966e-03, -8.3349054855773787e-03,
       9.9991403958306568e-01, 1.0121402828753149e-02,
       -8.4075802802869321e-03, -1.0191471877200950e-02,
       9.9991271943845517e-01 ]
T: !!opencv-matrix
   rows: 3
   cols: 1
   dt: d
   data: [ -1.1211842258906220e+01, 6.0280650962340386e-02,
       -3.6322851928221594e-01 ]
R1: !!opencv-matrix
   rows: 3
   cols: 3
   dt: d
   data: [ 9.9916371634526524e-01, 2.5414857219469276e-03,
       4.0809420351722719e-02, -2.7508747248339198e-03,
       9.9998333552794494e-01, 5.0755644665125563e-03,
       -4.0795840809655211e-02, -5.1835814578913390e-03,
       9.9915405711827165e-01 ]
R2: !!opencv-matrix
   rows: 3
   cols: 3
   dt: d
   data: [ 9.9946120393102689e-01, -5.3736193029926150e-03,
       3.2379407844015079e-02, 5.5413627885798015e-03,
       9.9997167665687869e-01, -5.0930523732154506e-03,
       -3.2351122626392767e-02, 5.2697343023607587e-03,
       9.9946267302245684e-01 ]
P1: !!opencv-matrix
   rows: 3
   cols: 4
   dt: d
   data: [ 4.3524652447661447e+02, 0., 2.9400834274291992e+02, 0., 0.,
       4.3524652447661447e+02, 2.4385473823547363e+02, 0., 0., 0., 1.,
       0. ]
P2: !!opencv-matrix
   rows: 3
   cols: 4
   dt: d
   data: [ 4.3524652447661447e+02, 0., 2.9400834274291992e+02,
       -4.8825460727995714e+03, 0., 4.3524652447661447e+02,
       2.4385473823547363e+02, 0., 0., 0., 1., 0. ]
Q: !!opencv-matrix
   rows: 4
   cols: 4
   dt: d
   data: [ 1., 0., 0., -2.9400834274291992e+02, 0., 1., 0.,
       -2.4385473823547363e+02, 0., 0., 0., 4.3524652447661447e+02, 0.,
       0., 8.9143352256592479e-02, 0. ]
