%YAML:1.0
---
M1: !!opencv-matrix
   rows: 3
   cols: 3
   dt: d
   data: [ 4.5739159018935135e+02, 0., 3.2592217548253956e+02, 0.,
       4.5739159018935135e+02, 2.4207340273938067e+02, 0., 0., 1. ]
D1: !!opencv-matrix
   rows: 5
   cols: 1
   dt: d
   data: [ 5.9770055925266177e-03, 5.4620105436982112e-02,
       -1.6306823497165633e-03, -1.6190432890039949e-03,
       -6.6034231175412184e-02 ]
M2: !!opencv-matrix
   rows: 3
   cols: 3
   dt: d
   data: [ 4.5279467093324786e+02, 0., 3.1476036312694072e+02, 0.,
       4.5279467093324786e+02, 2.4515788448990082e+02, 0., 0., 1. ]
D2: !!opencv-matrix
   rows: 5
   cols: 1
   dt: d
   data: [ 1.7689707961527371e-02, 1.3532277143144571e-02,
       2.2330965158869872e-03, -1.9539655984699895e-03,
       -3.6697190364967026e-02 ]
